10.27
6.39
18.50
43.78
11.93
21.20
19.49
16.67
28.86
17.18
3.24
10.04
2.17
64.48
18.24
30.28
12.33
47.28
18.79
12.58
23.87
12.02
30.69
13.23
5.13
6.98
9.77
8.67
12.40
3.47
18.37
2.61
67.02
19.55
8.21
11.85
17.16
10.12
23.73
28.65
25.97
54.99
10.03
19.54
22.72
14.93
20.92
25.29
13.45
25.49
13.93
7.41
41.99
6.97
13.56
1.41
5.95
7.36
42.34
14.86
17.47
16.98
3.36
19.70
2.52
66.58
14.82
16.99
7.74
21.84
4.99
78.62
14.47
19.70
17.09
19.52
55.88
31.77
22.94
10.38
18.90
8.83
42.42
16.16
16.04
23.29
26.33
4.30
1.91
12.69
7.55
83.27
3.41
44.10
17.01
16.67
4.46
31.72
27.92
26.52
